50 9 125
39 3
41 6
9 28
27 7
31 29
31 30
14 16
13 29
47 11
45 12
26 42
49 15
11 1
25 47
46 23
22 5
47 31
10 4
30 46
45 11
40 45
29 27
14 47
33 31
4 9
34 32
45 14
24 44
11 31
31 20
41 13
28 48
34 46
49 47
47 49
42 15
27 34
45 15
35 39
41 7
31 35
42 10
25 27
9 45
18 31
48 3
42 25
46 34
13 32
47 1
7 45
6 46
44 8
40 11
2 42
18 10
45 2
22 15
38 2
49 42
49 32
5 9
34 2
26 18
24 25
47 33
45 48
22 32
36 7
47 23
32 48
36 49
33 48
26 19
2 3
1 28
5 7
39 44
50 39
41 41
12 42
34 1
28 18
4 12
10 22
20 19
16 6
42 2
36 6
13 24
7 4
33 43
14 34
47 39
45 29
9 36
4 28
21 28
10 34
5 45
39 8
42 12
21 24
3 35
8 20
3 31
33 36
45 18
8 11
41 32
3 24
30 11
33 22
24 39
50 47
49 44
41 25
27 1
35 15
43 28
7 30
25 30
26 44
45 25
5 33
